metros_cuadrados,habitaciones,banos,ubicacion_puntuacion,precio_alquiler
132,2,2,7.1294,4886.7382
81,3,1,3.1376,2246.4123
122,3,2,4.6020,3122.6500
44,4,1,5.2994,2505.1970
136,4,1,1.7460,2256.5404
101,1,1,5.7553,2762.2031
90,1,2,4.9270,2866.3215
50,4,1,8.2190,4220.6319
132,3,1,9.8011,5423.8848
112,2,2,6.0040,3464.8970
116,4,2,3.9042,3153.0168
104,1,1,1.3906,1579.3379
104,3,1,9.3218,2956.2431
117,4,2,9.2720,5394.0886
146,4,2,3.2769,2536.6793
129,3,2,7.2587,2620.6622
133,4,2,1.6789,2252.1494
53,3,2,2.4959,1611.0769
32,2,1,2.9513,2011.5420
51,3,2,3.6504,2317.7960
82,3,1,9.9625,6104.8076
31,3,1,7.2723,3247.7323
117,4,1,4.4578,3191.4972
137,4,2,7.6339,3940.8536
59,3,1,9.2373,4189.0553
67,4,1,9.6283,2671.9999
31,1,2,1.5208,1133.4032
93,1,1,4.5507,2934.4608
89,4,1,1.9608,2153.7391
50,4,2,4.0209,2980.9368
62,3,1,2.5271,2137.4612
105,2,1,6.8216,3683.2948
87,4,1,4.4944,2005.7276
51,1,2,3.0646,1639.0567
137,3,2,3.3934,2401.4189
118,4,2,4.2431,3150.7868
78,1,1,3.3395,1744.3295
120,1,1,5.0792,3217.1013
88,2,2,1.2908,1569.6541
71,3,1,3.5179,2285.5905
121,3,1,4.7009,3869.4865
89,2,2,6.4250,4251.8375
109,2,2,3.4386,2231.3065
44,3,1,2.1987,1701.0459
91,3,1,1.6858,1723.2455
91,4,1,9.4648,2722.8711
76,4,2,4.7498,3269.1658
91,2,2,6.2305,2910.1947
80,4,2,9.2726,3763.9503
137,1,2,1.7447,1957.3531
84,4,1,8.8900,3166.0577
145,4,2,5.9643,2733.7773
93,1,2,2.4835,1959.9056
32,2,2,4.7013,2585.9502
130,1,2,7.9984,4457.7807
80,4,2,5.3233,2465.3509
36,2,1,9.8676,3375.4761
50,4,1,4.3907,1843.5670
102,1,2,7.7462,2465.7827
68,1,1,4.5369,2635.1216
47,4,2,8.4625,2699.0979
33,3,2,6.1217,2001.1497
118,3,1,1.5716,2371.5979
89,1,1,1.3314,1840.7153
43,1,2,2.2047,1401.9504
143,3,2,1.1230,2199.0051
38,3,2,1.6782,1352.5573
119,4,1,7.2254,3127.4437
82,4,2,5.8091,2056.9517
31,3,2,7.7492,3739.8943
113,4,2,9.2185,5866.6394
121,4,1,6.2663,4184.6436
140,2,2,7.5351,4720.9210
89,4,2,7.8137,3642.0295
100,1,1,4.4007,2630.5868
73,4,2,3.1698,2537.8859
37,4,2,2.8454,1963.9568
76,3,1,3.2630,2140.7173
64,1,2,3.4726,1454.1496
107,4,1,2.8650,2582.1875
110,4,1,8.9040,6224.4387
65,2,2,7.8130,2635.1115
79,4,2,1.4221,2068.7394
133,4,2,3.4181,3078.3056
33,2,2,1.1997,1455.2699
31,3,1,5.4835,2433.1787
35,4,2,5.2859,2740.8615
83,2,1,8.4823,2394.2629
135,1,2,3.7700,2900.4104
33,3,2,8.3475,2876.7608
83,1,2,9.7118,5686.2575
122,1,1,1.7957,2167.3698
92,2,2,8.1264,2687.7674
47,4,2,6.3096,1921.5463
119,2,2,5.3204,2281.4592
73,2,2,4.7848,2513.8431
63,2,1,8.0620,2827.4237
103,2,2,6.7543,3950.5898
91,3,1,8.2454,3687.2545
129,4,1,9.1284,3648.4452
43,1,1,6.5554,1589.6291
124,1,1,9.8242,2923.9381
77,4,1,6.4728,3868.4168
44,1,1,6.7298,2005.8000
101,4,2,5.9933,4006.2996
107,1,1,1.8190,1975.1424
116,2,1,7.5376,3780.3679
91,1,1,5.9270,3660.5286
69,4,2,5.0582,2358.3514
114,4,2,9.1942,6403.2115
109,4,1,3.6816,2071.5992
138,4,2,5.7124,3135.9778
111,4,1,7.2788,4564.2630
140,3,1,8.1682,5827.1442
82,3,2,5.1341,3715.8486
53,1,1,8.5788,1781.1999
55,4,2,7.9203,2747.2028
118,1,2,1.5961,2249.3565
89,4,1,1.4128,1723.7131
138,4,1,6.5873,4437.2075
70,3,2,4.1267,2971.2877
58,3,1,2.8822,1899.8864
44,2,1,6.2168,2579.9525
74,3,1,4.0741,2267.5785
94,2,2,5.8354,2560.2294
118,2,2,5.1411,4250.0979
100,2,1,6.2629,3065.9354
38,2,2,4.6027,3202.7588
117,2,2,7.2790,2776.6190
30,1,2,2.6206,2018.0531
137,3,2,7.2685,3987.0995
37,2,2,4.7050,1342.2373
117,4,1,8.8689,2695.6486
92,3,1,5.6371,3655.1925
40,3,1,9.7580,4391.3036
144,2,2,6.4174,4418.0302
110,1,2,3.0146,2012.2596
37,2,1,8.3961,1769.0632
64,1,2,4.1057,2297.6852
64,4,1,4.1286,1910.5596
62,3,1,1.2862,1679.5670
34,4,1,5.9384,3814.7829
135,1,2,5.8098,4496.7137
132,1,2,4.2039,3809.9610
70,4,1,9.0480,4792.4175
57,1,1,2.1587,1263.9975
36,4,1,3.9709,1804.8041
102,3,1,3.8942,2800.5597
101,4,2,1.8306,2128.2737
41,3,2,5.3303,2040.1577
63,4,1,7.1901,3103.7730
62,1,1,5.6049,1785.2788
77,4,2,2.4128,2081.8253
148,1,2,4.3956,4099.5313
52,4,1,1.0234,1667.0810
91,4,1,8.8147,3091.3883
117,2,1,1.7607,2525.2924
66,1,2,6.3755,3335.0780
128,2,2,9.8763,2778.7110
73,1,2,5.8293,2434.5761
133,2,1,9.3164,3527.5949
115,3,1,3.1250,1849.7777
120,4,2,7.8396,5876.9268
64,1,2,5.7814,2649.1188
94,1,1,7.4846,4721.9767
128,4,2,1.5611,2438.3163
130,1,2,2.3297,1924.9764
76,1,1,2.1981,1581.9988
107,2,2,7.1845,2526.7710
32,1,1,8.6000,3110.5054
30,3,1,7.7465,4163.9585
34,3,1,1.2742,1539.1490
119,4,1,8.8049,5030.0545
148,1,1,4.1873,2535.7395
43,4,1,4.5745,1565.9327
132,3,1,1.9438,2051.4805
56,1,2,7.6366,3722.3400
38,1,1,2.6406,943.1027
108,4,1,6.0757,2603.1171
44,3,2,8.5664,3564.4637
119,1,2,1.8028,1875.6476
71,4,2,5.8180,2393.9226
106,3,1,3.0989,1799.1894
80,4,2,4.0863,3190.7847
92,2,1,5.2657,3108.5331
125,1,1,4.1959,2786.3084
132,2,1,6.8394,2588.3284
142,3,1,5.3162,4180.3466
81,2,2,6.2578,3531.5499
125,2,2,7.6314,3314.1829
33,3,1,6.0197,3609.6218
123,4,1,6.2788,3312.8925
130,2,1,6.0801,3507.9482
52,4,2,4.4090,2885.9217
132,2,1,4.0370,2481.5154
138,4,1,9.0968,6244.6056
44,3,2,6.4680,4044.1795
72,2,2,3.1992,2221.4080
58,3,1,5.4842,1751.8228
65,2,2,3.9731,1570.2641
42,3,2,9.4032,2985.4473
61,3,1,1.0678,1533.5914
100,2,2,3.0280,2232.6559
88,2,1,4.2882,2685.3593
144,2,2,5.3903,4140.1930
115,1,1,8.6574,2772.3352
57,4,1,1.7910,1800.8914
95,1,1,8.2528,2152.7766
71,1,2,1.5009,1997.8119
74,3,1,8.5808,3714.2194
91,2,2,1.4647,1730.5983
86,4,1,1.1642,1508.6847
146,3,1,7.2727,4012.7675
35,1,2,9.9753,4507.9974
57,2,1,9.0695,4669.0308
57,3,1,6.1840,3288.2065
137,2,2,9.2566,3153.8149
73,3,1,1.0477,1173.5486
113,2,1,9.7756,2947.5689
59,1,1,5.4167,2604.4894
91,4,1,7.5061,4774.0953
104,1,2,8.3878,3596.2180
148,4,2,7.4661,3043.9054
121,2,1,5.8153,3567.3667
118,3,2,5.2896,4195.7748
132,1,1,8.5472,4962.6283
91,4,2,2.8457,2790.4005
126,1,1,9.7119,3259.4622
30,4,1,7.3986,1920.1268
56,1,1,2.7956,2154.7336
91,4,1,7.6262,3947.4381
145,4,1,5.7686,3203.2454
106,2,1,7.3651,4340.9930
134,4,2,7.9100,5586.6995
32,2,1,1.7856,1320.3238
132,4,2,5.5549,4385.4463
99,3,1,9.3881,3827.3558
101,3,2,3.8858,2890.8241
56,3,2,6.3449,2984.2005
38,4,2,4.3231,2855.4715
91,2,1,5.0884,3650.4665
66,2,1,5.9374,3556.4652
126,4,2,5.9403,2920.5600
80,3,1,2.8156,2630.3831
135,3,2,7.1611,4946.5873
73,2,1,1.7908,1711.8449
53,3,2,2.2494,2019.5449
108,1,2,1.0244,1640.4278
88,2,1,2.0503,1861.7038
147,3,2,5.2585,3648.7591
61,2,1,6.4549,1809.6673
125,1,2,8.1486,3217.0769
117,2,2,1.9603,2393.7427
134,2,1,8.6565,5596.8618
81,2,1,7.7138,2551.4528
142,2,1,4.6767,2464.0478
91,1,2,9.3964,4763.9373
142,4,1,9.9184,2589.6630
87,2,2,2.8450,1749.6028
81,2,2,4.4131,1658.1292
41,3,1,9.3380,2269.4799
68,2,1,7.4944,2301.0085
31,3,2,1.4329,1391.1760
32,4,2,8.0336,3223.3759
142,1,1,8.4515,5282.1577
130,1,1,7.7545,3793.4570
142,4,1,8.1958,5070.1267
85,1,1,8.4262,2344.3968
110,4,1,2.6776,1910.2183
88,4,2,3.1212,2708.5705
142,4,2,6.7038,2965.1362
31,1,2,9.1708,3388.7580
31,3,2,3.8458,2277.5811
121,4,1,6.2948,3679.7361
83,2,1,7.1468,1931.0022
116,1,1,5.0675,2307.6607
130,4,2,7.4240,4727.1446
125,4,2,9.0970,3509.9643
126,2,1,6.6169,4033.2195
30,3,1,5.8580,3096.1724
48,3,2,4.9487,3446.9050
31,3,2,6.1974,2036.9531
82,4,1,4.1983,3381.1798
73,4,1,4.5233,2909.5930
119,4,2,5.7867,3348.5007
61,1,1,1.5996,1159.2108
99,2,1,3.0612,2790.2340
61,4,1,5.8856,2186.6514
148,2,2,4.8838,2814.1116
97,2,2,3.9953,1867.9285
84,3,2,7.5749,4671.8249
104,1,2,7.2435,4355.0769
85,4,2,2.5006,2319.0657
46,3,2,8.9077,2952.6564
67,3,2,5.4588,2258.2722
53,4,1,7.6731,3714.1520
98,2,1,6.1584,3393.1340
145,3,1,9.9792,3527.4399
127,2,1,7.7716,4499.7012
99,1,1,7.3628,4814.9461
